0 0 21 147 8 146 117 57 117 51 164 177 236 34 164 76 184 162 50 66 201 110 171 115 
1 0 13 124 70 193 202 206 94 214 204 125 18 222 1 179 
2 0 11 48 6 205 231 4 77 122 10 233 80 20 
3 0 10 61 208 243 230 145 52 159 240 3 40 
4 0 10 79 128 73 230 161 120 187 197 6 42 
5 0 7 75 176 84 198 47 119 17 
6 0 19 77 65 178 200 30 160 203 230 216 43 231 98 236 160 201 7 131 140 169 
7 0 10 67 65 105 51 128 231 35 59 34 228 
8 0 5 119 209 89 110 103 
9 0 21 11 60 12 68 23 220 131 104 155 127 49 127 167 175 164 158 7 162 184 209 162 
10 0 10 173 35 5 171 131 99 85 235 143 247 
